
err_train = [0.00000   0.00474   0.07583   0.14218   0.17536   0.18009   0.18009   0.18009;
   0.00000   0.00474   0.07583   0.13270   0.18009   0.17536   0.17536   0.18009;
   0.00000   0.00474   0.06635   0.11374   0.16114   0.18009   0.18009   0.18009;
   0.00000   0.00474   0.05687   0.09479   0.13270   0.17536   0.18009   0.18009;
   0.00000   0.00474   0.05213   0.08057   0.10427   0.14692   0.18009   0.17536;
   0.00000   0.00000   0.05687   0.08057   0.07583   0.12796   0.18009   0.18009;
   0.00000   0.00000   0.04265   0.07583   0.07583   0.08531   0.15166   0.17536;
   0.00000   0.00000   0.04265   0.06161   0.09479   0.08057   0.13270   0.18009]

err_val = [ 0.565000   0.060000   0.045000   0.145000   0.180000   0.185000   0.185000   0.185000;
   0.565000   0.060000   0.045000   0.140000   0.180000   0.180000   0.180000   0.180000;
   0.565000   0.060000   0.045000   0.080000   0.170000   0.185000   0.185000   0.185000;
   0.565000   0.060000   0.035000   0.075000   0.100000   0.180000   0.180000   0.180000;
   0.565000   0.065000   0.030000   0.070000   0.080000   0.150000   0.185000   0.180000;
   0.565000   0.080000   0.035000   0.080000   0.080000   0.105000   0.185000   0.185000;
   0.565000   0.080000   0.070000   0.070000   0.075000   0.075000   0.165000   0.180000;
   0.565000   0.080000   0.060000   0.075000   0.105000   0.085000   0.095000   0.185000]